비료염, EC (dSㆍm-1), NO3 (mmol/L), NH4, H2PO4, K, Ca, Mg, SO4, Fe (μmol/L), Cu, B, Mn, Zn, Mo
딸기(피), 1.7, 11.5, 1.0, 1.0, 5.5, 3.25, 1.25, 1.5, 20, 0.75, 25, 10, 7, 0.5
딸기(순), 1.5, 10.0, 0.5, 1.25, 5.25, 2.75, 1.125, 1.125, 20, 0.75, 20, 10, 4, 0.5
꽃상추(순), 2.6, 19.0, 1.25, 2.0, 9.0, 5.0, 1.5, 1.125, 40, 0.75, 30, 5, 4, 0.5
가지(암), 2.1, 15.5, 1.5, 1.25, 6.75, 3.25, 2.5, 1.5, 15, 0.75, 30, 10, 5, 0.5
가지(암-순), 1.7, 11.75, 1.0, 1.0, 6.5, 2.25, 1.5, 1.125, 15, 0.75, 20, 10, 5, 0.5
콩(암), 1.7, 12.0, 1.0, 1.25, 5.5, 3.25, 1.25, 1.125, 10, 0.5, 20, 10, 4, 0.5
주키니호박(암), 2.2, 16.0, 1.25, 1.25, 7.25, 3.625, 2.0, 1.25, 10, 0.75, 30, 10, 5, 0.5
오이(암), 2.2, 16.0, 1.25, 1.25, 8.0, 4.0, 1.375, 1.375, 15, 0.75, 25, 10, 5, 0.5 
오이(암-순), 1.7, 11.75, 1.0, 1.25, 6.5, 2.75, 1.0, 1.0, 15, 0.75, 25, 10, 5, 0.5 
순무양배추(순), 1.5, 10.5, 0.75, 1.0, 5.5, 2.5, 1.0, 0.875, 35, 0.5, 20, 10, 4, 0.5
멜론(암), 2.2, 16.25, 1.0, 1.25, 7.5, 4.75, 1.25, 1.5, 10, 0.5, 20, 10, 4, 0.5
채소육묘(암), 2.4, 16.75, 1.25, 1.25, 6.75, 4.5, 3.0, 2.5, 25, 1, 35, 10, 5, 0.5
파프리카(암), 2.2, 15.5, 1.25, 1.25, 6.5, 4.75, 1.5, 1.75, 15, 0.75, 30, 10, 5, 0.5
파프리카(암-순), 1.7, 12.75, 1.25, 1.0, 5.75, 3.25, 1.125, 1.0, 15, 0.75, 25, 10, 4, 0.5
상추(순), 2.6, 19.0, 1.25, 2.0, 11.0, 4.5, 1.0, 1.125, 40, 0.75, 30, 0, 4, 0.5
토마토(암), 2.6, 16.0, 1.2, 1.5, 9.5, 5.4, 2.4, 4.4, 15, 0.75, 30, 10, 5, 0.5
토마토(암-순), 1.0, 10.75, 1.0, 1.25, 6.5, 2.75, 1.0, 1.5, 15, 0.75, 20, 10, 4, 0.5
알스트로메리아(암), 1.7, 11.25, 1.25, 1.25, 6.0, 2.875, 1.0, 1.25, 25, 0.75, 25, 10, 4, 0.5
알스트로메리아(암-순), 1.1, 7.5, 0.75, 1.0, 4.75, 2.0, 0.75, 1.25, 25, 0.75, 20, 5, 4, 0.5
아네모네(암), 1.9, 13.0, 1.0, 1.5, 6.5, 3.75, 1.0, 1.25, 35, 0.75, 30, 5, 4, 0.5
카네이션(암), 1.8, 13.0, 1.0, 1.25, 6.25, 3.75, 1.0, 1.25, 25, 0.75, 30, 10, 4, 0.5
카네이션(피), 1.8, 13.0, 1.0, 1.25, 6.25, 3.75, 1.0, 1.25, 25, 0.75, 30, 10, 4, 0.5
카네이션(암-순), 1.1, 7.0, 0.75, 0.8, 4.0, 1.625, 0.6, 0.7, 20, 0.5, 20, 5, 3, 0.5
안스리움(암), 0.8, 4.5, 0.8, 0.7, 3.0, 1.0, 0.7, 1.5, 15, 0.5, 20, 0, 3, 0.5
안스리움(피), 0.8, 4.5, 0.8, 0.7, 3.0, 1.0, 0.7, 1.5, 15, 0.5, 20, 0, 3, 0.5
아스타(암), 1.8, 13.0, 1.0, 1.25, 6.25, 3.75, 1.0, 1.25, 25, 0.75, 30, 10, 4, 0.5
아스타(피), 1.8, 13.0, 1.0, 1.25, 6.25, 3.75, 1.0, 1.25, 25, 0.75, 30, 10, 4, 0.5
브발디아(암), 1.9, 13.0, 1.25, 1.75, 6.0, 4.25, 1.0, 1.50, 25, 0.75, 20, 5, 3.5, 0.5
브발디아(암-순), 1.2, 8.0, 1.0, 1.5, 4.0, 2.5, 0.5, 0.75, 25, 0.75, 20, 5, 3.5, 0.5
국화(순), 1.8, 12.5, 1.25, 1.0, 7.5, 2.5, 1.0, 1.0, 60, 0.5, 20, 20, 3, 0.5
심비디움(페), 0.8, 4.5, 0.5, 0.8, 3.0, 1.2, 0.75, 1.05, 8, 0.4, 20, 10, 4, 0.4
심비디움(암), 0.8, 4.0, 1.0, 0.8, 2.8, 1.0, 0.75, 1.25, 8, 0.4, 20, 10, 4, 0.4
심비디움(우), 0.8, 4.0, 1.0, 0.8, 2.8, 1.0, 0.75, 1.25, 8, 0.4, 20, 10, 4, 0.4
포인세티아(암), 1.7, 11.5, 1.0, 1.5, 6.0, 3.5, 1.0, 1.5, 35, 0.5, 20, 10, 3, 0.5
프리지아(암), 2.1, 14.5, 1.25, 1.25, 7.75, 3.375, 1.5, 1.5, 25, 0.75, 25, 10, 4, 0.5
프리지아(사), 2.1, 14.5, 1.25, 1.25, 7.75, 3.375, 1.5, 1.5, 25, 0.75, 25, 10, 4, 0.5
거베라(암), 1.7, 11.25, 1.5, 1.25, 5.5, 3.0, 1.0, 1.25, 35, 0.75, 30, 5, 4, 0.5
거베라(암-순), 1.1, 7.25, 0.75, 0.6, 4.5, 1.6, 0.4, 0.7, 25, 0.5, 20, 5, 3, 0.5
안개초(암), 2.2, 17.0, 1.25, 1.25, 4.0, 6.0, 1.7, 1.2, 25, 0.8, 30, 10, 4, 0.5
아마릴리스(경), 1.9, 13.0, 1.0, 1.25, 7.5, 3.125, 1.0, 1.25, 10, 0.5, 30, 10, 5, 0.5
분식물(경), 1.6, 10.6, 1.1, 1.5, 5.5, 3.0, 0.75, 1.0, 20, 0.5, 20, 10, 3, 0.5
장미(암), 1.6, 11.0, 1.5, 1.25, 4.5, 3.25, 1.125, 1.25, 25, 0.75, 20, 5, 3.5, 0.5
장미(암-순), 0.7, 4.3, 0.85, 0.5, 2.15, 0.9, 0.5, 0.5, 15, 0.5, 15, 5, 3, 0.5
스타티스(암), 1.7, 12.0, 1.0, 1.0, 6.0, 3.0, 1.0, 1.0, 15, 0.75, 2.5, 10, 5, 0.5